738.950439453125 1129.4554443359375
754.27783203125 1538.3822021484375
766.150634765625 1933.0438232421875
779.3818969726562 2317.43505859375
790.718505859375 2690.860107421875
804.2141723632812 3053.8857421875
816.4758911132812 3406.344970703125
1125.276611328125 1157.8955078125
1132.4569091796875 1544.815673828125
1141.3673095703125 1920.4078369140625
1148.2481689453125 2282.77001953125
1153.6470947265625 2638.705322265625
1159.741455078125 2985.9873046875
1166.8883056640625 3322.64453125
1470.702880859375 1182.4385986328125
1473.2037353515625 1551.4891357421875
1475.3568115234375 1907.8341064453125
1478.350830078125 2253.41455078125
1480.6246337890625 2591.3603515625
1482.7811279296875 2923.84521484375
1485.351806640625 3246.54345703125
1784.8955078125 1205.4298095703125
1781.424072265625 1556.540771484375
1779.17138671875 1896.355712890625
1777.5657958984375 2226.61181640625
1776.9847412109375 2549.193359375
1776.6717529296875 2867.123779296875
1776.226806640625 3176.291748046875
2069.88232421875 1225.37646484375
2063.486083984375 1561.169677734375
2057.8232421875 1884.8819580078125
2052.51611328125 2200.906494140625
2049.203857421875 2512.294921875
2046.13427734375 2816.218505859375
2042.3056640625 3112.5576171875
2330.188720703125 1243.67578125
2322.9306640625 1563.59375
2314.10205078125 1874.7733154296875
2305.751953125 2180.31298828125
2299.649169921875 2477.73828125
2294.029296875 2769.22802734375
2287.291748046875 3053.578369140625
2570.043701171875 1261.5789794921875
2558.5546875 1570.6138916015625
2548.67529296875 1866.744384765625
2539.630859375 2160.4462890625
2530.59326171875 2445.01025390625
2521.47216796875 2725.717529296875
2513.05078125 2999.553466796875
356.1780090332031 1574.963623046875
410.70703125 1876.244384765625
461.59552001953125 2156.81201171875
509.2686462402344 2419.6923828125
552.9313354492188 2666.759033203125
595.0235595703125 2898.71435546875
634.5922241210938 3118.40576171875
654.6314697265625 1570.849609375
699.5213012695312 1876.582763671875
741.6415405273438 2161.33447265625
780.213623046875 2427.709716796875
816.6676025390625 2678.208740234375
851.1155395507812 2913.281005859375
883.1868896484375 3134.484375
962.1390991210938 1567.5750732421875
998.527587890625 1877.8778076171875
1030.95068359375 2165.85986328125
1060.5263671875 2435.44677734375
1087.4013671875 2688.878662109375
1114.1707763671875 2927.21826171875
1137.45263671875 3151.424560546875
1279.69677734375 1565.03369140625
1304.1002197265625 1879.2772216796875
1326.5284423828125 2170.598388671875
1346.7794189453125 2443.31298828125
1365.0548095703125 2700.19482421875
1383.1705322265625 2942.3564453125
1399.8638916015625 3168.718017578125
1605.1529541015625 1561.470947265625
1617.5546875 1879.991943359375
1628.993896484375 2176.031005859375
1639.706787109375 2452.31201171875
1650.1861572265625 2712.694091796875
1658.805419921875 2957.203369140625
1667.6007080078125 3186.47119140625
1942.2713623046875 1555.8638916015625
1941.212646484375 1881.080322265625
1941.6348876953125 2181.669677734375
1942.0882568359375 2462.4228515625
1943.3599853515625 2726.342041015625
1942.9195556640625 2972.906494140625
1943.3238525390625 3204.6162109375
2291.466064453125 1550.849853515625
2278.39697265625 1881.3992919921875
2266.229248046875 2187.80908203125
2256.1767578125 2473.379150390625
2245.53515625 2740.247802734375
2235.69580078125 2989.31787109375
2227.102783203125 3223.641357421875
532.9757690429688 2412.481201171875
779.0176391601562 2421.831787109375
1032.108642578125 2430.5830078125
1292.0064697265625 2440.44140625
1557.72265625 2450.703369140625
1831.314208984375 2460.818603515625
2114.325927734375 2473.026123046875
563.0685424804688 2158.0419921875
806.11669921875 2163.3505859375
1056.1708984375 2168.778076171875
1311.0147705078125 2175.206298828125
1571.9759521484375 2181.35791015625
1840.3389892578125 2188.3330078125
2118.614990234375 2194.6044921875
592.4755859375 1910.155029296875
832.0621337890625 1912.626220703125
1077.880126953125 1916.0692138671875
1328.972412109375 1918.9515380859375
1585.679931640625 1921.8392333984375
1849.7513427734375 1924.41845703125
2123.32470703125 1926.7615966796875
620.9773559570312 1670.6875
856.6419067382812 1670.4429931640625
1098.4306640625 1670.4451904296875
1346.073974609375 1670.65966796875
1599.2891845703125 1670.398193359375
1859.5335693359375 1669.3704833984375
2128.60205078125 1666.8677978515625
648.2283325195312 1438.5330810546875
879.70458984375 1434.6968994140625
1117.8773193359375 1431.86669921875
1362.1959228515625 1428.4844970703125
1612.0888671875 1424.805908203125
1869.278076171875 1420.45654296875
2133.718994140625 1415.697265625
674.3265991210938 1213.6195068359375
903.1610107421875 1207.0567626953125
1137.5126953125 1200.5968017578125
1378.036376953125 1193.997802734375
1624.5614013671875 1186.9849853515625
1877.751220703125 1180.1865234375
2137.78564453125 1172.5863037109375
699.944580078125 994.7361450195312
925.4627685546875 985.510009765625
1156.4549560546875 976.4640502929688
1393.602294921875 966.6530151367188
1636.33642578125 957.3782348632812
1886.130859375 947.4736328125
2141.906494140625 937.2736206054688
800.6867065429688 2635.455322265625
1134.8040771484375 2645.56787109375
1447.8861083984375 2655.51611328125
1742.3828125 2665.6416015625
2020.8272705078125 2676.159423828125
2284.271484375 2684.743896484375
2533.61328125 2693.098388671875
825.394287109375 2301.810546875
1151.452392578125 2322.091796875
1456.360595703125 2341.364501953125
1743.033935546875 2359.876953125
2014.942626953125 2378.54052734375
2274.574951171875 2395.594482421875
2519.271484375 2410.730224609375
848.3604125976562 1983.9083251953125
1166.466064453125 2014.318359375
1463.71875 2042.503173828125
1744.495849609375 2068.641357421875
2010.633544921875 2094.201416015625
2264.959716796875 2116.872802734375
2506.40478515625 2140.41748046875
869.37451171875 1679.8006591796875
1179.838134765625 1719.1405029296875
1471.2589111328125 1755.6343994140625
1745.9312744140625 1789.1470947265625
2007.436279296875 1820.482421875
2256.552001953125 1850.384765625
2493.443603515625 1878.3721923828125
889.5723876953125 1388.154296875
1192.6544189453125 1434.428955078125
1478.34619140625 1478.43994140625
1748.5369873046875 1518.9171142578125
2004.688232421875 1557.2216796875
2248.823486328125 1592.24072265625
2481.323974609375 1627.1053466796875
909.6060180664062 1108.4312744140625
1205.31884765625 1161.06884765625
1485.5501708984375 1210.6864013671875
1750.5634765625 1257.54248046875
2002.4591064453125 1301.694091796875
2242.058349609375 1344.095703125
2469.53955078125 1385.1630859375
928.827392578125 840.6453247070312
1218.503173828125 898.8348999023438
1492.5098876953125 954.349365234375
1752.6285400390625 1006.7943725585938
1999.6337890625 1056.8900146484375
2234.40185546875 1104.67431640625
2458.5712890625 1149.5875244140625
807.170654296875 1172.6080322265625
812.173095703125 1436.3865966796875
817.074951171875 1699.755859375
822.6625366210938 1961.806640625
827.1206665039062 2222.591064453125
831.3092041015625 2482.723388671875
835.2005004882812 2742.239990234375
1069.1064453125 1167.4810791015625
1073.6724853515625 1432.79296875
1078.9505615234375 1696.7386474609375
1084.3870849609375 1958.78173828125
1088.5260009765625 2219.1591796875
1091.68017578125 2479.30126953125
1094.6690673828125 2740.172119140625
1331.8603515625 1162.5833740234375
1336.3486328125 1428.8717041015625
1340.696533203125 1693.664306640625
1345.2266845703125 1955.977783203125
1348.5413818359375 2215.716796875
1352.17529296875 2475.86572265625
1354.97265625 2737.240966796875
1596.279296875 1158.2069091796875
1599.1561279296875 1424.8853759765625
1602.4671630859375 1690.4617919921875
1605.5206298828125 1952.662353515625
1609.0128173828125 2213.043701171875
1612.099853515625 2473.302978515625
1615.4307861328125 2735.0146484375
1860.6455078125 1153.2711181640625
1863.222900390625 1420.3858642578125
1865.024169921875 1686.286865234375
1867.3673095703125 1948.6678466796875
1869.9461669921875 2210.466796875
1873.33203125 2471.4814453125
1876.8616943359375 2733.31884765625
2126.556884765625 1148.421142578125
2128.646484375 1415.172607421875
2130.172607421875 1680.72265625
2131.603271484375 1944.9453125
2134.086669921875 2207.625
2137.00537109375 2469.70751953125
2140.3583984375 2732.27880859375
2392.989501953125 1143.527099609375
2394.87109375 1410.6536865234375
2396.57568359375 1676.66357421875
2398.220458984375 1941.211669921875
2400.2783203125 2205.36279296875
2402.35888671875 2467.942626953125
2404.33642578125 2730.32421875
813.7500610351562 994.9097290039062
814.268310546875 1321.771240234375
815.3861694335938 1646.4576416015625
817.0086059570312 1969.1094970703125
817.6864013671875 2289.169677734375
818.5269775390625 2607.906005859375
819.5275268554688 2924.56884765625
1130.56640625 1030.8992919921875
1130.5582275390625 1347.0863037109375
1131.4193115234375 1660.4320068359375
1132.4512939453125 1970.5078125
1132.6212158203125 2278.07275390625
1131.529541015625 2584.963134765625
1131.0731201171875 2891.466796875
1425.236083984375 1065.938232421875
1424.55810546875 1370.486083984375
1423.826416015625 1673.2855224609375
1423.3118896484375 1971.8873291015625
1422.7745361328125 2267.8623046875
1421.5479736328125 2563.4775390625
1421.190185546875 2859.917236328125
1700.1171875 1096.6763916015625
1697.9088134765625 1391.7191162109375
1695.846435546875 1684.4122314453125
1694.0648193359375 1972.28271484375
1692.56005859375 2258.769775390625
1691.659912109375 2544.386474609375
1691.66748046875 2830.578369140625
1956.97509765625 1127.4783935546875
1953.978759765625 1410.5775146484375
1950.5045166015625 1695.1771240234375
1947.5125732421875 1972.8309326171875
1945.595703125 2250.619140625
1944.610107421875 2527.34619140625
1943.70654296875 2804.28173828125
2197.3203125 1154.698486328125
2194.346923828125 1430.04931640625
2190.46044921875 1701.4918212890625
2187.26416015625 1974.56298828125
2184.431640625 2241.4873046875
2183.19287109375 2511.41845703125
2181.152587890625 2779.07373046875
2422.326904296875 1179.6361083984375
2418.433349609375 1448.1611328125
2415.678466796875 1709.84375
2412.27734375 1972.8592529296875
2409.10693359375 2234.755859375
2406.349853515625 2496.726806640625
2404.125244140625 2755.28076171875
725.8373413085938 1110.2889404296875
732.1461791992188 1366.4268798828125
738.2288818359375 1619.9769287109375
744.0916137695312 1869.72021484375
749.2169799804688 2117.3837890625
753.7119750976562 2362.367919921875
758.1162719726562 2603.741943359375
953.3051147460938 1091.5263671875
957.9747924804688 1354.3992919921875
963.2415771484375 1614.2264404296875
968.283447265625 1871.195556640625
972.5223999023438 2123.123291015625
975.9310913085938 2373.596435546875
978.4884643554688 2620.871337890625
1190.87939453125 1072.160400390625
1195.0728759765625 1342.5565185546875
1199.0623779296875 1609.215576171875
1202.61572265625 1871.504638671875
1205.5142822265625 2129.677001953125
1207.9683837890625 2384.76171875
1208.859130859375 2639.00048828125
1441.8603515625 1052.267333984375
1443.57080078125 1329.1337890625
1445.769775390625 1603.37060546875
1447.2294921875 1872.279541015625
1448.9068603515625 2136.412353515625
1449.578369140625 2397.666748046875
1450.3624267578125 2657.405029296875
1705.2706298828125 1030.5906982421875
1705.2255859375 1315.34765625
1704.6412353515625 1596.6334228515625
1704.3359375 1872.393310546875
1703.8699951171875 2143.408203125
1703.64501953125 2411.129150390625
1703.3787841796875 2678.306396484375
1983.2735595703125 1008.2947387695312
1981.238037109375 1300.2442626953125
1978.4949951171875 1588.6025390625
1975.3040771484375 1872.3089599609375
1972.975341796875 2150.751708984375
1971.43017578125 2426.585205078125
1970.3092041015625 2700.4453125
2276.36669921875 984.2462768554688
2272.4921875 1284.323974609375
2268.35302734375 1580.047119140625
2263.44482421875 1871.732666015625
2259.180908203125 2159.148681640625
2255.724853515625 2442.82177734375
2252.14501953125 2723.44287109375
688.8109741210938 1105.43505859375
709.4144897460938 1523.238037109375
725.7333984375 1922.4556884765625
743.0217895507812 2310.314697265625
758.696533203125 2684.831298828125
776.0162353515625 3046.63037109375
791.8466796875 3395.89111328125
1086.6202392578125 1129.3397216796875
1096.3756103515625 1524.5982666015625
1108.8233642578125 1906.314697265625
1118.2994384765625 2272.43310546875
1126.7889404296875 2629.27783203125
1135.5634765625 2975.8408203125
1146.0150146484375 3309.903076171875
1442.6319580078125 1149.76904296875
1446.9647216796875 1527.41259765625
1451.387451171875 1889.544189453125
1455.687744140625 2238.79443359375
1459.61083984375 2578.701171875
1463.763427734375 2910.805908203125
1467.704345703125 3231.510498046875
1766.68212890625 1169.4677734375
1764.799072265625 1528.2286376953125
1762.7242431640625 1874.621826171875
1761.9051513671875 2208.460693359375
1761.86328125 2533.4638671875
1762.623291015625 2851.6669921875
1763.1419677734375 3159.579833984375
2061.398193359375 1185.81884765625
2055.027587890625 1528.333740234375
2048.91259765625 1860.3797607421875
2043.396240234375 2180.873779296875
2040.048583984375 2493.1025390625
2036.533203125 2798.4189453125
2032.6292724609375 3094.1904296875
2330.62353515625 1202.1361083984375
2321.700439453125 1530.1229248046875
2312.51513671875 1847.4434814453125
2303.823486328125 2154.880859375
2296.422119140625 2456.391357421875
2289.527587890625 2748.680908203125
2282.309326171875 3033.21728515625
2578.189453125 1218.4359130859375
2566.4169921875 1527.5872802734375
2555.070068359375 1832.68798828125
2543.333251953125 2131.2109375
2531.960693359375 2421.034912109375
2522.52880859375 2703.366943359375
2512.32080078125 2977.572509765625
533.0155029296875 2507.65087890625
823.0859375 2513.839111328125
1113.862060546875 2519.209228515625
1404.837890625 2524.35595703125
1695.5511474609375 2530.686767578125
1988.430419921875 2537.86279296875
2282.8017578125 2544.80419921875
561.8283081054688 2222.3857421875
845.627685546875 2228.45166015625
1131.084716796875 2232.920654296875
1414.86572265625 2238.503173828125
1698.73974609375 2244.40771484375
1984.144287109375 2250.39208984375
2272.669677734375 2256.4189453125
588.9202880859375 1948.6600341796875
867.419677734375 1954.3189697265625
1146.426513671875 1960.492919921875
1424.2471923828125 1965.8936767578125
1701.7440185546875 1970.6795654296875
1981.306396484375 1975.7391357421875
2263.480712890625 1980.42626953125
615.1404418945312 1686.836669921875
887.138671875 1692.4866943359375
1160.4356689453125 1698.2623291015625
1432.686767578125 1703.365478515625
1705.369140625 1708.118408203125
1978.8052978515625 1712.259521484375
2255.62255859375 1715.5360107421875
639.6920166015625 1435.15625
906.0736083984375 1439.93310546875
1173.462158203125 1445.1751708984375
1441.1800537109375 1449.9434814453125
1708.431640625 1454.3441162109375
1977.6134033203125 1458.0640869140625
2247.908203125 1461.0511474609375
663.5142211914062 1193.3541259765625
924.6392822265625 1197.2415771484375
1186.394775390625 1201.5172119140625
1448.620849609375 1205.4814453125
1711.85498046875 1209.45654296875
1975.5496826171875 1213.28515625
2239.83251953125 1217.1063232421875
686.258056640625 960.4315185546875
942.4461059570312 963.6275634765625
1199.3155517578125 968.1294555664062
1456.656494140625 971.441162109375
1714.478759765625 974.6398315429688
1973.29541015625 978.6856079101562
2232.60986328125 982.5006103515625
1880.250244140625 1568.2305908203125
1888.6842041015625 1702.272216796875
1895.75 1834.3231201171875
1902.5784912109375 1965.0025634765625
1909.0748291015625 2094.5234375
1916.5689697265625 2223.277587890625
1922.940673828125 2350.369873046875
1957.4573974609375 1557.6175537109375
1963.6396484375 1696.653564453125
1971.3126220703125 1834.69140625
1977.894287109375 1970.228271484375
1985.9193115234375 2105.454833984375
1992.3123779296875 2237.72900390625
1997.9886474609375 2369.447265625
2039.368408203125 1546.09716796875
2047.1688232421875 1691.7542724609375
2053.119873046875 1834.02587890625
2060.166748046875 1975.3941650390625
2065.76318359375 2115.595703125
2073.004150390625 2254.030029296875
2079.845703125 2391.857421875
2129.242919921875 1533.0179443359375
2135.470947265625 1684.7288818359375
2142.405517578125 1833.98828125
2148.602783203125 1981.302734375
2155.447509765625 2127.663330078125
2161.698486328125 2272.2197265625
2168.475341796875 2415.275390625
2225.853759765625 1519.6375732421875
2232.875244140625 1677.8900146484375
2239.164306640625 1833.7105712890625
2245.495361328125 1987.8697509765625
2251.630615234375 2140.27880859375
2257.44775390625 2291.1611328125
2263.97314453125 2441.197509765625
2332.681396484375 1504.535888671875
2339.347412109375 1669.8094482421875
2344.8720703125 1833.2286376953125
2350.789306640625 1995.2557373046875
2357.048095703125 2153.837158203125
2362.687744140625 2312.445556640625
2368.42041015625 2468.600341796875
2449.431396484375 1488.19140625
2455.197265625 1661.95751953125
2460.88037109375 1833.560302734375
2466.771240234375 2002.8668212890625
2471.94921875 2169.6943359375
2477.55224609375 2335.25732421875
2482.3447265625 2498.75927734375
